Mod3
out:2
time:12.2867 | 1.22867E-05 ms
Mod3 mersenne
out:2
time:24.6182 | 2.46182E-05 ms
