GetIndex1DFrom3D
out:931000931, x:1000001,y:1000001,z:1000001
time:21.0781 | 2.10781E-05 ms
GetIndex1DFrom3D non_pow_of_2
out:1123001123, x:1000001,y:1000001,z:1000001
time:21.2845 | 2.12845E-05 ms
GetChunkIndex1DFrom3D
out:1057002114, x:1000001,y:1000001,z:1000001
time:22.3544 | 2.23544E-05 ms
